iter PGD FW
1 2475 0
2 2447 50
3 2417 100
4 2381 131
5 2331 160
6 2283 181
7 2236 203
8 2175 223
9 2108 237
10 2032 250
11 1946 262
12 1861 270
13 1796 278
14 1731 287
15 1654 292
16 1588 301
17 1538 311
18 1471 314
19 1416 322
20 1370 330
21 1327 332
22 1289 339
23 1246 340
24 1223 341
25 1196 343
26 1165 344
27 1151 347
28 1130 348
29 1123 351
30 1109 354
31 1099 354
32 1105 359
33 1102 363
34 1097 365
35 1084 366
36 1089 371
37 1081 372
38 1070 377
39 1077 378
40 1087 378
41 1076 381
42 1081 383
43 1088 384
44 1092 385
45 1090 387
46 1108 388
47 1117 388
48 1132 390
49 1136 393
50 1121 394
51 1108 395
52 1089 395
53 1099 398
54 1124 400
55 1150 400
56 1181 400
57 1188 400
58 1180 400
59 1179 401
60 1180 401
61 1198 403
62 1220 405
63 1249 407
64 1233 407
65 1225 409
66 1231 409
67 1240 409
68 1224 409
69 1240 410
70 1246 410
71 1249 411
72 1235 411
73 1250 411
74 1258 411
75 1253 412
76 1289 416
77 1299 416
78 1319 417
79 1308 419
80 1317 419
81 1314 419
82 1318 419
83 1347 420
84 1323 420
85 1319 421
86 1306 422
87 1306 422
88 1316 423
89 1319 423
90 1334 424
91 1298 425
92 1288 426
93 1345 426
94 1375 429
95 1351 429
96 1359 429
97 1351 431
98 1383 432
99 1364 433
100 1377 435
101 1369 436
102 1366 436
103 1347 436
104 1387 436
105 1373 437
106 1386 438
107 1389 438
108 1387 440
109 1388 442
110 1390 443
111 1393 443
112 1409 443
113 1419 443
114 1406 443
115 1400 443
116 1426 443
117 1426 443
118 1443 444
119 1455 444
120 1428 444
121 1455 444
122 1477 444
123 1487 445
124 1484 446
125 1476 446
126 1481 446
127 1458 447
128 1470 448
129 1452 449
130 1414 452
131 1418 452
132 1444 452
133 1450 452
134 1445 452
135 1488 452
136 1480 452
137 1506 453
138 1527 453
139 1512 454
140 1521 454
141 1508 455
142 1498 456
143 1490 457
144 1487 458
145 1490 458
146 1495 458
147 1504 462
148 1479 462
149 1493 462
150 1526 463
151 1514 463
152 1488 463
153 1521 463
154 1549 463
155 1543 463
156 1526 463
157 1506 463
158 1480 463
159 1506 463
160 1506 464
161 1493 465
162 1504 465
163 1499 465
164 1505 466
165 1512 467
166 1547 467
167 1513 468
168 1498 468
169 1502 468
170 1496 468
171 1521 468
172 1542 468
173 1548 469
174 1537 471
175 1496 471
176 1464 471
177 1488 473
178 1531 473
179 1470 473
180 1457 475
181 1455 475
182 1451 475
183 1485 475
184 1488 476
185 1470 477
186 1484 477
187 1475 477
188 1508 477
189 1502 477
190 1504 478
191 1490 478
192 1511 479
193 1471 479
194 1471 480
195 1510 481
196 1507 481
197 1527 482
198 1495 484
199 1477 485
200 1472 485
201 1480 485
202 1463 486
203 1482 487
204 1470 488
205 1465 489
206 1434 491
207 1444 493
208 1434 494
209 1472 496
210 1435 497
211 1447 498
212 1433 500
213 1429 500
214 1424 500
215 1467 500
216 1437 500
217 1459 501
218 1501 501
219 1485 501
220 1546 501
221 1537 502
222 1497 502
223 1503 502
224 1465 502
225 1503 502
226 1480 503
227 1491 504
228 1577 504
229 1553 505
230 1509 505
231 1556 505
232 1544 505
233 1505 505
234 1482 506
235 1487 506
236 1468 506
237 1480 506
238 1501 507
239 1487 507
240 1516 507
241 1501 508
242 1520 508
243 1530 508
244 1540 508
245 1558 508
246 1532 508
247 1519 508
248 1525 508
249 1546 508
250 1525 508
251 1519 508
252 1529 508
253 1586 508
254 1578 508
255 1576 508
256 1530 509
257 1545 509
258 1530 509
259 1529 509
260 1521 510
261 1580 510
262 1563 511
263 1537 513
264 1523 514
265 1511 514
266 1552 516
267 1576 516
268 1560 517
269 1585 518
270 1591 519
271 1577 519
272 1548 520
273 1579 520
274 1606 521
275 1599 521
276 1599 521
277 1598 521
278 1558 521
279 1506 521
280 1509 524
281 1532 524
282 1581 525
283 1567 526
284 1569 526
285 1540 528
286 1544 528
287 1562 528
288 1538 528
289 1552 528
290 1577 528
291 1611 528
292 1620 528
293 1600 528
294 1602 528
295 1579 529
296 1583 529
297 1613 530
298 1565 530
299 1562 530
300 1602 530
301 1614 530
302 1608 531
303 1559 531
304 1565 532
305 1541 534
306 1538 535
307 1557 535
308 1562 535
309 1584 536
310 1600 538
311 1566 539
312 1581 540
313 1579 540
314 1598 540
315 1579 542
316 1556 542
317 1556 542
318 1567 542
319 1544 542
320 1568 543
321 1564 543
322 1564 543
323 1530 544
324 1555 544
325 1593 545
326 1572 546
327 1559 546
328 1555 546
329 1564 546
330 1590 546
331 1591 547
332 1586 547
333 1570 547
334 1546 548
335 1571 549
336 1611 550
337 1607 550
338 1577 550
339 1569 551
340 1584 551
341 1547 551
342 1580 551
343 1528 551
344 1557 553
345 1582 553
346 1583 553
347 1620 553
348 1573 555
349 1587 555
350 1520 555
351 1558 556
352 1597 556
353 1559 556
354 1547 557
355 1570 558
356 1558 558
357 1510 559
358 1521 559
359 1554 560
360 1579 562
361 1585 562
362 1549 564
363 1575 564
364 1582 564
365 1571 566
366 1595 566
367 1595 568
368 1591 571
369 1590 571
370 1590 573
371 1575 573
372 1546 574
373 1580 574
374 1540 574
375 1549 574
376 1592 574
377 1592 574
378 1560 574
379 1565 575
380 1527 576
381 1539 576
382 1553 577
383 1566 578
384 1534 578
385 1550 578
386 1550 579
387 1568 581
388 1594 581
389 1571 581
390 1572 582
391 1502 583
392 1518 583
393 1546 584
394 1510 585
395 1518 586
396 1511 586
397 1554 587
398 1593 587
399 1623 587
400 1648 589
401 1600 590
402 1600 590
403 1598 591
404 1600 591
405 1592 592
406 1627 593
407 1620 594
408 1601 594
409 1547 594
410 1572 594
411 1552 596
412 1557 597
413 1567 598
414 1621 598
415 1603 598
416 1568 598
417 1558 600
418 1534 600
419 1568 600
420 1592 600
421 1608 600
422 1631 600
423 1605 600
424 1628 600
425 1593 601
426 1588 601
427 1622 601
428 1613 601
429 1574 601
430 1558 601
431 1565 602
432 1543 603
433 1591 604
434 1588 604
435 1564 604
436 1570 604
437 1596 605
438 1580 605
439 1555 605
440 1541 605
441 1559 605
442 1522 605
443 1548 605
444 1585 605
445 1566 605
446 1588 605
447 1594 605
448 1549 606
449 1570 606
450 1607 606
451 1629 606
452 1609 606
453 1563 606
454 1599 606
455 1616 606
456 1596 606
457 1600 606
458 1591 608
459 1567 608
460 1577 609
461 1598 609
462 1616 609
463 1600 609
464 1596 609
465 1606 609
466 1571 609
467 1574 609
468 1611 609
469 1598 609
470 1546 610
471 1520 610
472 1564 611
473 1574 611
474 1540 611
475 1512 611
476 1547 611
477 1547 613
478 1546 613
479 1621 613
480 1606 613
481 1584 613
482 1610 613
483 1557 613
484 1582 613
485 1580 613
486 1568 613
487 1587 614
488 1563 614
489 1573 614
490 1567 614
491 1555 615
492 1538 615
493 1533 615
494 1562 615
495 1572 615
496 1592 615
497 1618 615
498 1541 615
499 1539 616
500 1557 616
501 1560 617
502 1562 617
503 1585 617
504 1579 617
505 1587 617
506 1572 618
507 1602 620
508 1548 621
509 1580 621
510 1586 621
511 1575 622
512 1580 622
513 1573 623
514 1556 623
515 1539 623
516 1539 623
517 1584 623
518 1559 623
519 1586 623
520 1553 623
521 1571 623
522 1578 623
523 1576 623
524 1557 623
525 1554 623
526 1525 624
527 1532 624
528 1540 624
529 1554 624
530 1539 624
531 1538 625
532 1558 625
533 1566 625
534 1566 625
535 1604 625
536 1620 626
537 1600 626
538 1586 626
539 1602 627
540 1593 627
541 1555 627
542 1576 627
543 1603 627
544 1551 627
545 1573 627
546 1539 627
547 1586 628
548 1559 628
549 1535 628
550 1564 628
551 1607 628
552 1584 628
553 1570 628
554 1560 629
555 1583 630
556 1592 630
557 1587 630
558 1586 631
559 1569 633
560 1565 634
561 1573 634
562 1569 634
563 1583 634
564 1584 635
565 1573 635
566 1561 635
567 1565 635
568 1557 635
569 1555 635
570 1571 635
571 1594 635
572 1596 635
573 1599 635
574 1615 635
575 1610 635
576 1571 635
577 1576 636
578 1564 637
579 1555 637
580 1555 638
581 1538 638
582 1587 639
583 1596 639
584 1574 639
585 1580 639
586 1565 640
587 1552 640
588 1530 640
589 1551 641
590 1586 641
591 1619 641
592 1583 641
593 1572 641
594 1601 642
595 1602 642
596 1569 642
597 1576 643
598 1578 643
599 1603 643
600 1583 643
601 1617 643
602 1580 643
603 1570 643
604 1585 644
605 1567 644
606 1587 644
607 1599 644
608 1600 644
609 1553 644
610 1560 644
611 1566 644
612 1583 644
613 1582 644
614 1603 645
615 1585 645
616 1546 645
617 1556 645
618 1587 645
619 1586 645
620 1556 645
621 1573 645
622 1554 645
623 1542 646
624 1573 646
625 1541 646
626 1516 646
627 1553 646
628 1553 646
629 1580 646
630 1602 647
631 1622 648
632 1569 648
633 1554 648
634 1592 648
635 1585 648
636 1591 648
637 1563 648
638 1594 648
639 1573 648
640 1587 649
641 1604 649
642 1567 649
643 1565 649
644 1580 649
645 1538 649
646 1593 649
647 1558 649
648 1555 649
649 1559 649
650 1547 649
651 1552 649
652 1542 650
653 1529 650
654 1557 650
655 1584 650
656 1600 650
657 1580 651
658 1585 651
659 1563 651
660 1556 651
661 1599 651
662 1570 651
663 1597 652
664 1609 652
665 1596 653
666 1562 654
667 1579 654
668 1597 654
669 1570 655
670 1565 656
671 1563 656
672 1538 656
673 1559 656
674 1564 656
675 1556 656
676 1585 656
677 1553 656
678 1544 657
679 1518 657
680 1548 657
681 1568 657
682 1597 657
683 1619 657
684 1606 658
685 1585 658
686 1571 658
687 1593 658
688 1584 658
689 1581 658
690 1579 658
691 1544 658
692 1547 659
693 1591 659
694 1580 659
695 1593 660
696 1543 660
697 1534 660
698 1553 660
699 1573 660
700 1565 660
701 1585 661
702 1577 661
703 1555 661
704 1589 661
705 1584 661
706 1614 661
707 1598 661
708 1520 661
709 1512 661
710 1551 661
711 1567 661
712 1583 661
713 1540 662
714 1585 662
715 1603 662
716 1599 662
717 1579 662
718 1574 662
719 1566 662
720 1604 662
721 1601 662
722 1620 662
723 1585 662
724 1565 662
725 1556 662
726 1550 663
727 1552 663
728 1568 663
729 1557 663
730 1595 663
731 1573 663
732 1573 663
733 1560 663
734 1537 663
735 1560 663
736 1550 663
737 1565 664
738 1588 665
739 1617 665
740 1608 665
741 1591 665
742 1597 665
743 1613 666
744 1586 666
745 1585 666
746 1567 667
747 1568 667
748 1572 667
749 1554 667
750 1562 667
751 1597 667
752 1575 668
753 1550 668
754 1536 668
755 1559 668
756 1576 668
757 1573 668
758 1598 668
759 1656 668
760 1617 668
761 1622 668
762 1642 668
763 1568 669
764 1570 669
765 1568 669
766 1573 669
767 1570 669
768 1568 669
769 1563 669
770 1526 669
771 1542 671
772 1574 671
773 1568 671
774 1571 671
775 1572 671
776 1583 671
777 1569 672
778 1561 672
779 1579 672
780 1597 672
781 1583 672
782 1553 673
783 1535 673
784 1542 674
785 1523 675
786 1589 675
787 1558 675
788 1573 675
789 1588 675
790 1587 675
791 1571 675
792 1566 675
793 1582 675
794 1573 675
795 1564 675
796 1555 675
797 1575 675
798 1573 675
799 1556 675
800 1546 675
801 1576 675
802 1575 675
803 1579 675
804 1589 675
805 1597 675
806 1588 676
807 1577 676
808 1572 676
809 1548 676
810 1549 676
811 1527 676
812 1535 676
813 1557 676
814 1587 676
815 1597 676
816 1565 676
817 1562 677
818 1576 677
819 1584 677
820 1588 677
821 1544 677
822 1503 677
823 1519 677
824 1517 677
825 1498 677
826 1559 677
827 1588 677
828 1552 678
829 1565 678
830 1564 678
831 1551 678
832 1518 678
833 1544 678
834 1589 678
835 1575 678
836 1578 678
837 1590 678
838 1592 679
839 1588 679
840 1627 680
841 1588 680
842 1572 680
843 1565 680
844 1543 680
845 1548 680
846 1554 681
847 1572 682
848 1546 682
849 1561 682
850 1539 683
851 1555 683
852 1566 683
853 1618 683
854 1569 683
855 1553 683
856 1563 683
857 1533 683
858 1570 683
859 1574 683
860 1582 683
861 1569 683
862 1598 683
863 1576 683
864 1564 683
865 1568 683
866 1542 683
867 1573 683
868 1546 683
869 1564 683
870 1559 683
871 1549 683
872 1556 683
873 1531 683
874 1590 684
875 1582 684
876 1580 684
877 1573 684
878 1550 684
879 1545 684
880 1566 684
881 1549 684
882 1555 684
883 1552 685
884 1561 685
885 1567 685
886 1587 685
887 1579 685
888 1575 685
889 1590 685
890 1587 686
891 1603 687
892 1578 687
893 1582 687
894 1569 687
895 1561 687
896 1532 687
897 1586 687
898 1594 687
899 1582 687
900 1541 687
901 1514 687
902 1524 687
903 1538 687
904 1567 687
905 1503 687
906 1515 687
907 1543 687
908 1578 687
909 1559 687
910 1609 687
911 1612 687
912 1626 687
913 1626 687
914 1614 687
915 1591 687
916 1603 687
917 1575 687
918 1545 687
919 1545 687
920 1582 687
921 1553 687
922 1538 687
923 1539 687
924 1559 688
925 1545 688
926 1534 688
927 1553 688
928 1572 688
929 1552 688
930 1526 688
931 1572 688
932 1566 688
933 1578 688
934 1587 688
935 1585 688
936 1597 688
937 1590 688
938 1585 688
939 1592 688
940 1541 688
941 1550 688
942 1534 688
943 1590 688
944 1569 688
945 1558 688
946 1570 688
947 1579 688
948 1624 688
949 1539 688
950 1539 688
951 1568 688
952 1622 688
953 1571 688
954 1538 688
955 1536 688
956 1527 688
957 1533 688
958 1533 688
959 1552 688
960 1564 688
961 1553 688
962 1531 688
963 1544 688
964 1548 688
965 1595 688
966 1571 688
967 1592 688
968 1588 688
969 1558 688
970 1550 689
971 1548 689
972 1551 689
973 1533 689
974 1555 689
975 1572 689
976 1593 689
977 1580 689
978 1541 689
979 1544 689
980 1567 689
981 1567 689
982 1550 689
983 1545 689
984 1524 689
985 1558 689
986 1539 689
987 1528 689
988 1581 689
989 1623 689
990 1582 689
991 1621 689
992 1585 689
993 1591 690
994 1614 690
995 1597 690
996 1582 690
997 1576 690
998 1573 690
999 1587 690
1000 1571 690
