iter PGD FW
1 2388 0
2 2316 50
3 2219 100
4 2101 113
5 1981 123
6 1845 126
7 1725 129
8 1640 133
9 1576 134
10 1531 134
11 1504 136
12 1487 136
13 1486 137
14 1485 137
15 1506 137
16 1498 138
17 1500 139
18 1489 141
19 1481 142
20 1488 143
21 1493 143
22 1494 144
23 1496 144
24 1491 144
25 1504 145
26 1512 145
27 1517 145
28 1525 145
29 1518 146
30 1518 146
31 1521 146
32 1517 146
33 1509 146
34 1504 146
35 1515 146
36 1516 146
37 1526 146
38 1532 146
39 1546 146
40 1549 146
41 1559 147
42 1577 147
43 1569 147
44 1583 147
45 1593 147
46 1599 147
47 1601 147
48 1600 147
49 1596 147
50 1590 147
51 1598 147
52 1602 147
53 1599 147
54 1595 147
55 1591 147
56 1587 147
57 1593 147
58 1594 147
59 1593 147
60 1591 147
61 1595 147
62 1593 147
63 1599 147
64 1601 147
65 1600 147
66 1599 147
67 1599 147
68 1598 147
69 1601 147
70 1602 147
71 1600 147
72 1600 147
73 1608 147
74 1619 147
75 1622 147
76 1626 147
77 1630 147
78 1632 147
79 1632 147
80 1630 147
81 1628 147
82 1625 147
83 1626 147
84 1625 147
85 1625 147
86 1621 147
87 1622 147
88 1641 147
89 1641 147
90 1640 147
91 1635 147
92 1627 147
93 1630 147
94 1631 147
95 1632 147
96 1647 147
97 1641 147
98 1640 147
99 1646 147
100 1647 147
101 1648 147
102 1643 147
103 1641 147
104 1640 147
105 1648 147
106 1652 147
107 1655 147
108 1655 147
109 1645 147
110 1640 147
111 1648 147
112 1651 147
113 1652 147
114 1651 147
115 1655 147
116 1656 147
117 1655 147
118 1666 147
119 1661 147
120 1650 147
121 1667 147
122 1687 147
123 1695 147
124 1693 147
125 1688 147
126 1686 147
127 1685 147
128 1690 147
129 1690 147
130 1690 147
131 1689 147
132 1692 147
133 1694 147
134 1697 147
135 1715 147
136 1717 147
137 1717 147
138 1712 147
139 1710 147
140 1709 147
141 1714 147
142 1717 147
143 1716 147
144 1716 147
145 1719 147
146 1719 147
147 1722 147
148 1715 147
149 1714 147
150 1714 147
151 1715 147
152 1712 147
153 1714 147
154 1715 147
155 1717 147
156 1715 147
157 1719 147
158 1721 147
159 1721 147
160 1723 147
161 1722 147
162 1720 147
163 1719 147
164 1719 147
165 1722 147
166 1725 147
167 1723 147
168 1725 147
169 1723 147
170 1736 147
171 1740 147
172 1741 147
173 1743 147
174 1743 147
175 1742 147
176 1743 147
177 1747 147
178 1747 147
179 1748 147
180 1746 147
181 1746 147
182 1746 147
183 1745 147
184 1743 147
185 1742 147
186 1742 147
187 1741 147
188 1746 147
189 1747 147
190 1770 147
191 1771 147
192 1772 147
193 1770 147
194 1770 147
195 1770 147
196 1769 147
197 1768 147
198 1769 147
199 1776 147
200 1786 147
201 1799 147
202 1800 147
203 1800 147
204 1803 147
205 1802 147
206 1801 147
207 1802 147
208 1803 147
209 1804 147
210 1804 147
211 1806 147
212 1806 147
213 1805 147
214 1805 147
215 1806 147
216 1808 147
217 1810 147
218 1818 147
219 1832 147
220 1832 147
221 1831 147
222 1831 147
223 1830 147
224 1829 147
225 1829 147
226 1830 147
227 1831 147
228 1834 147
229 1837 147
230 1840 147
231 1840 147
232 1842 147
233 1849 147
234 1852 147
235 1852 147
236 1850 147
237 1850 147
238 1848 147
239 1846 147
240 1847 147
241 1851 147
242 1874 147
243 1872 147
244 1873 147
245 1872 147
246 1872 147
247 1872 147
248 1872 147
249 1872 147
250 1871 147
251 1871 147
252 1877 147
253 1877 147
254 1878 147
255 1880 147
256 1879 147
257 1879 147
258 1879 147
259 1880 147
260 1880 147
261 1877 147
262 1877 147
263 1877 147
264 1877 147
265 1873 147
266 1869 147
267 1867 147
268 1865 147
269 1868 147
270 1866 147
271 1865 147
272 1870 147
273 1876 147
274 1879 147
275 1877 147
276 1874 147
277 1873 147
278 1874 147
279 1880 147
280 1880 147
281 1878 147
282 1878 147
283 1877 147
284 1876 147
285 1874 147
286 1873 147
287 1877 147
288 1877 147
289 1877 147
290 1880 147
291 1879 147
292 1880 147
293 1880 147
294 1881 147
295 1880 147
296 1881 147
297 1882 147
298 1880 147
299 1876 147
300 1871 147
301 1872 147
302 1873 147
303 1872 147
304 1876 147
305 1878 147
306 1880 147
307 1880 147
308 1878 147
309 1876 147
310 1878 147
311 1878 147
312 1881 147
313 1880 147
314 1880 147
315 1880 147
316 1880 147
317 1877 147
318 1878 147
319 1880 147
320 1880 147
321 1879 147
322 1878 147
323 1878 147
324 1877 147
325 1874 147
326 1872 147
327 1872 147
328 1871 147
329 1872 147
330 1871 147
331 1870 147
332 1870 147
333 1870 147
334 1872 147
335 1870 147
336 1872 147
337 1874 147
338 1874 147
339 1874 147
340 1871 147
341 1870 147
342 1871 147
343 1872 147
344 1872 147
345 1870 147
346 1871 147
347 1870 147
348 1871 147
349 1867 147
350 1865 147
351 1864 147
352 1863 147
353 1861 147
354 1859 147
355 1859 147
356 1867 147
357 1867 147
358 1867 147
359 1867 147
360 1866 147
361 1864 147
362 1862 147
363 1865 147
364 1864 147
365 1864 147
366 1863 147
367 1860 147
368 1861 147
369 1862 147
370 1861 147
371 1858 147
372 1856 147
373 1865 147
374 1867 147
375 1866 147
376 1866 147
377 1866 147
378 1866 147
379 1866 147
380 1864 147
381 1862 147
382 1860 147
383 1862 147
384 1864 147
385 1864 147
386 1864 147
387 1863 147
388 1865 147
389 1863 147
390 1863 147
391 1864 147
392 1864 147
393 1861 147
394 1861 147
395 1862 147
396 1861 147
397 1860 147
398 1860 147
399 1858 147
400 1856 147
401 1855 147
402 1858 147
403 1856 147
404 1859 147
405 1858 147
406 1862 147
407 1861 147
408 1862 147
409 1863 147
410 1863 147
411 1866 147
412 1867 147
413 1867 147
414 1867 147
415 1867 147
416 1867 147
417 1866 147
418 1866 147
419 1865 147
420 1863 147
421 1863 147
422 1864 147
423 1864 147
424 1864 147
425 1864 147
426 1864 147
427 1865 147
428 1866 147
429 1865 147
430 1864 147
431 1865 147
432 1864 147
433 1863 147
434 1864 147
435 1865 147
436 1864 147
437 1862 147
438 1861 147
439 1862 147
440 1863 147
441 1863 147
442 1863 147
443 1863 147
444 1862 147
445 1861 147
446 1862 147
447 1864 147
448 1867 147
449 1866 147
450 1866 147
451 1867 147
452 1867 147
453 1867 147
454 1867 147
455 1866 147
456 1864 147
457 1863 147
458 1863 147
459 1863 147
460 1862 147
461 1862 147
462 1860 147
463 1861 147
464 1861 147
465 1865 147
466 1865 147
467 1859 147
468 1859 147
469 1865 147
470 1865 147
471 1865 147
472 1865 147
473 1865 147
474 1865 147
475 1865 147
476 1861 147
477 1858 147
478 1858 147
479 1859 147
480 1859 147
481 1857 147
482 1855 147
483 1856 147
484 1861 147
485 1861 147
486 1861 147
487 1861 147
488 1862 147
489 1861 147
490 1860 147
491 1861 147
492 1857 147
493 1857 147
494 1859 147
495 1859 147
496 1857 147
497 1856 147
498 1857 147
499 1856 147
500 1857 147
501 1862 147
502 1864 147
503 1864 147
504 1864 147
505 1864 147
506 1864 147
507 1864 147
508 1864 147
509 1864 147
510 1864 147
511 1864 147
512 1863 147
513 1863 147
514 1862 147
515 1862 147
516 1862 147
517 1862 147
518 1861 147
519 1863 147
520 1863 147
521 1863 147
522 1863 147
523 1862 147
524 1862 147
525 1863 147
526 1863 147
527 1863 147
528 1863 147
529 1862 147
530 1862 147
531 1862 147
532 1862 147
533 1862 147
534 1861 147
535 1860 147
536 1861 147
537 1861 147
538 1861 147
539 1862 147
540 1861 147
541 1862 147
542 1861 147
543 1861 147
544 1861 147
545 1861 147
546 1861 147
547 1863 147
548 1863 147
549 1862 147
550 1862 147
551 1862 147
552 1861 147
553 1860 147
554 1860 147
555 1860 147
556 1860 147
557 1860 147
558 1861 147
559 1861 147
560 1862 147
561 1862 147
562 1862 147
563 1862 147
564 1862 147
565 1862 147
566 1861 147
567 1862 147
568 1862 147
569 1862 147
570 1862 147
571 1862 147
572 1861 147
573 1861 147
574 1861 147
575 1861 147
576 1861 147
577 1861 147
578 1861 147
579 1861 147
580 1861 147
581 1861 147
582 1861 147
583 1861 147
584 1861 147
585 1861 147
586 1861 147
587 1861 147
588 1860 147
589 1860 147
590 1860 147
591 1859 147
592 1858 147
593 1856 147
594 1858 147
595 1858 147
596 1858 147
597 1858 147
598 1858 147
599 1858 147
600 1859 147
601 1860 147
602 1861 147
603 1865 147
604 1863 147
605 1880 147
606 1875 147
607 1873 147
608 1871 147
609 1871 147
610 1873 147
611 1871 147
612 1870 147
613 1873 147
614 1880 147
615 1891 147
616 1893 147
617 1893 147
618 1894 147
619 1896 147
620 1896 147
621 1897 147
622 1897 147
623 1896 147
624 1898 147
625 1901 147
626 1902 147
627 1901 147
628 1901 147
629 1900 147
630 1900 147
631 1904 147
632 1903 147
633 1902 147
634 1905 147
635 1905 147
636 1904 147
637 1905 147
638 1905 147
639 1904 147
640 1904 147
641 1906 147
642 1905 147
643 1903 147
644 1902 147
645 1930 147
646 1934 147
647 1933 147
648 1932 147
649 1932 147
650 1934 147
651 1932 147
652 1931 147
653 1932 147
654 1934 147
655 1934 147
656 1936 147
657 1939 147
658 1940 147
659 1940 147
660 1941 147
661 1942 147
662 1940 147
663 1938 147
664 1941 147
665 1940 147
666 1939 147
667 1938 147
668 1940 147
669 1939 147
670 1938 147
671 1937 147
672 1936 147
673 1938 147
674 1938 147
675 1939 147
676 1937 147
677 1936 147
678 1935 147
679 1934 147
680 1933 147
681 1932 147
682 1930 147
683 1930 147
684 1931 147
685 1931 147
686 1932 147
687 1932 147
688 1933 147
689 1934 147
690 1934 147
691 1940 147
692 1940 147
693 1941 147
694 1941 147
695 1940 147
696 1940 147
697 1940 147
698 1953 147
699 1952 147
700 1952 147
701 1952 147
702 1951 147
703 1950 147
704 1951 147
705 1951 147
706 1958 147
707 1957 147
708 1957 147
709 1959 147
710 1960 147
711 1963 147
712 1963 147
713 1962 147
714 1979 147
715 1983 147
716 1983 147
717 1982 147
718 1982 147
719 1982 147
720 1980 147
721 1979 147
722 1980 147
723 1981 147
724 1982 147
725 1982 147
726 1982 147
727 1983 147
728 1984 147
729 1985 147
730 1985 147
731 1985 147
732 1985 147
733 1985 147
734 1984 147
735 1982 147
736 1982 147
737 1982 147
738 1982 147
739 1981 147
740 1981 147
741 1976 147
742 1974 147
743 1968 147
744 1962 147
745 1960 147
746 1960 147
747 1959 147
748 1959 147
749 1957 147
750 1956 147
751 1955 147
752 1955 147
753 1954 147
754 1952 147
755 1948 147
756 1943 147
757 1939 147
758 1941 147
759 1941 147
760 1941 147
761 1951 147
762 1958 147
763 1952 147
764 1950 147
765 1948 147
766 1953 147
767 1969 147
768 1969 147
769 1969 147
770 1971 147
771 1979 147
772 1982 147
773 1991 147
774 1995 147
775 2008 147
776 2012 147
777 2012 147
778 2013 147
779 2011 147
780 2008 147
781 2010 147
782 2010 147
783 2009 147
784 2010 147
785 2012 147
786 2009 147
787 2007 147
788 2013 147
789 2012 147
790 2012 147
791 2012 147
792 2011 147
793 2009 147
794 2008 147
795 2008 147
796 2008 147
797 2008 147
798 2009 147
799 2008 147
800 2004 147
801 2005 147
802 2007 147
803 2007 147
804 2007 147
805 2007 147
806 2007 147
807 2004 147
808 2003 147
809 2005 147
810 2018 147
811 2021 147
812 2021 147
813 2020 147
814 2022 147
815 2023 147
816 2023 147
817 2024 147
818 2024 147
819 2024 147
820 2023 147
821 2022 147
822 2022 147
823 2022 147
824 2023 147
825 2023 147
826 2023 147
827 2037 147
828 2038 147
829 2036 147
830 2040 147
831 2042 147
832 2043 147
833 2042 147
834 2042 147
835 2042 147
836 2042 147
837 2043 147
838 2052 147
839 2062 147
840 2063 147
841 2061 147
842 2059 147
843 2058 147
844 2058 147
845 2057 147
846 2057 147
847 2058 147
848 2063 147
849 2065 147
850 2065 147
851 2067 147
852 2066 147
853 2064 147
854 2064 147
855 2065 147
856 2065 147
857 2065 147
858 2065 147
859 2065 147
860 2063 147
861 2063 147
862 2067 147
863 2067 147
864 2067 147
865 2067 147
866 2067 147
867 2068 147
868 2068 147
869 2068 147
870 2068 147
871 2068 147
872 2069 147
873 2069 147
874 2069 147
875 2070 147
876 2069 147
877 2071 147
878 2071 147
879 2072 147
880 2071 147
881 2071 147
882 2071 147
883 2071 147
884 2070 147
885 2069 147
886 2069 147
887 2069 147
888 2069 147
889 2069 147
890 2069 147
891 2069 147
892 2069 147
893 2069 147
894 2069 147
895 2067 147
896 2067 147
897 2066 147
898 2066 147
899 2065 147
900 2064 147
901 2064 147
902 2064 147
903 2062 147
904 2062 147
905 2061 147
906 2061 147
907 2062 147
908 2062 147
909 2062 147
910 2062 147
911 2066 147
912 2065 147
913 2064 147
914 2065 147
915 2069 147
916 2069 147
917 2069 147
918 2068 147
919 2067 147
920 2064 147
921 2059 147
922 2060 147
923 2056 147
924 2053 147
925 2050 147
926 2049 147
927 2047 147
928 2047 147
929 2050 147
930 2049 147
931 2049 147
932 2046 147
933 2046 147
934 2053 147
935 2055 147
936 2055 147
937 2056 147
938 2052 147
939 2050 147
940 2050 147
941 2049 147
942 2049 147
943 2049 147
944 2049 147
945 2057 147
946 2063 147
947 2063 147
948 2063 147
949 2063 147
950 2063 147
951 2065 147
952 2083 147
953 2082 147
954 2082 147
955 2081 147
956 2081 147
957 2081 147
958 2081 147
959 2083 147
960 2083 147
961 2083 147
962 2084 147
963 2085 147
964 2087 147
965 2087 147
966 2089 147
967 2095 147
968 2099 147
969 2100 147
970 2100 147
971 2100 147
972 2100 147
973 2100 147
974 2101 147
975 2104 147
976 2104 147
977 2104 147
978 2104 147
979 2103 147
980 2102 147
981 2102 147
982 2102 147
983 2101 147
984 2099 147
985 2099 147
986 2101 147
987 2099 147
988 2096 147
989 2096 147
990 2097 147
991 2100 147
992 2103 147
993 2103 147
994 2103 147
995 2102 147
996 2101 147
997 2100 147
998 2101 147
999 2102 147
1000 2102 147
